15.27
12.78
12.13
12.98
13.89
11.06
11.60
13.91
14.90
15.18
14.66
13.73
14.80
17.74
16.97
13.91
16.12
13.07
14.53
14.22
15.14
12.18
14.94
14.25
14.49
12.46
13.41
11.68
12.90
12.55
13.48
14.25
15.27
12.40
14.44
15.63
15.44
11.61
15.10
13.75
16.07
15.39
13.48
14.40
14.77
10.31
13.08
13.41
12.28
10.65
15.26
13.08
15.76
12.56
15.43
15.06
14.84
12.44
13.73
13.30
12.56
13.33
11.57
13.76
13.70
12.75
14.96
12.43
13.63
14.79
14.32
10.40
12.84
13.39
13.17
11.97
13.94
13.75
15.92
14.17
15.06
13.80
11.26
11.79
12.87
13.35
14.86
12.75
13.06
14.38
13.16
12.16
13.17
12.98
15.04
14.33
14.82
13.31
17.18
14.16
12.62
12.01
14.15
13.39
11.97
13.30
11.56
15.02
16.92
15.11
13.52
16.04
14.44
10.67
13.78
14.12
14.84
13.75
15.76
12.01
17.69
16.03
13.63
14.43
12.69
12.60
14.11
15.48
15.39
17.20
13.51
13.67
9.90
13.54
14.22
14.06
13.03
12.07
13.38
17.30
12.61
14.00
12.26
15.75
15.18
14.24
13.93
16.22
14.87
13.99
14.20
16.31
14.74
14.40
14.85
13.85
12.52
14.55
11.57
12.96
15.59
12.96
14.41
13.68
14.42
14.64
13.25
10.81
15.53
13.16
14.43
15.45
12.38
15.88
15.11
14.18
13.46
15.81
14.67
14.80
18.04
14.83
15.76
13.92
16.70
13.86
12.51
13.98
11.43
15.89
12.22
14.42
15.37
14.72
14.56
12.70
13.92
15.40
12.85
12.15
12.95
15.28
13.59
14.33
11.38
12.84
12.95
12.10
15.76
15.56
11.65
14.37
12.55
13.75
14.07
16.56
14.56
13.02
15.25
15.31
14.21
17.36
13.75
13.31
14.82
12.05
13.38
13.19
16.05
15.06
14.91
15.38
15.35
14.05
11.88
11.48
14.06
16.50
15.25
15.57
16.69
13.27
13.05
15.65
12.92
17.30
15.34
13.05
13.44
14.78
15.07
15.75
14.51
12.48
14.14
11.70
14.86
14.86
14.22
12.61
15.91
15.48
12.93
12.00
15.51
14.91
14.05
14.38
15.05
13.35
16.33
14.52
12.85
13.26
16.26
13.03
12.41
15.73
14.48
17.31
13.60
14.96
13.97
14.65
11.62
14.37
15.14
13.99
13.46
14.04
10.87
15.86
14.51
14.83
14.98
14.43
16.13
12.32
13.89
15.63
17.96
19.61
13.95
18.87
20.71
12.40
17.41
14.87
15.42
19.48
20.73
17.48
16.70
22.51
17.78
18.95
17.13
19.27
14.94
18.05
15.79
17.52
19.72
22.90
16.87
19.33
16.86
18.22
24.96
18.45
16.51
20.51
20.31
14.20
16.40
16.88
17.37
18.26
16.60
19.08
19.18
15.89
18.94
15.20
20.06
17.47
19.80
15.52
19.95
17.31
17.82
17.32
19.68
22.51
20.24
18.07
16.13
18.21
15.51
17.78
20.36
17.78
20.98
16.75
19.09
18.83
14.50
16.70
20.51
15.16
17.62
15.56
15.55
15.70
20.06
18.02
18.94
16.61
17.69
20.09
14.78
16.10
20.55
22.24
15.84
19.10
14.88
19.64
18.33
15.47
19.27
21.16
17.61
15.75
15.21
14.90
19.00
18.85
16.04
19.89
15.34
21.72
12.68
17.32
19.88
18.03
18.12
16.73
22.91
16.85
19.74
21.03
17.15
21.62
19.11
14.28
16.82
17.64
19.59
19.78
19.74
14.38
14.19
21.36
20.06
19.03
21.87
22.62
16.07
18.10
19.08
18.30
18.51
18.49
20.72
11.13
17.99
17.37
16.83
18.36
19.34
17.29
18.05
13.88
15.21
17.07
17.57
15.33
15.05
19.53
18.34
21.44
19.36
15.09
12.45
18.35
17.43
19.39
20.28
17.50
18.37
16.20
21.00
18.13
16.67
16.86
22.55
19.27
19.05
18.84
19.14
19.18
18.02
22.28
17.40
15.89
16.97
20.96
19.95
20.93
17.46
18.38
13.46
20.36
17.73
18.14
20.53
17.32
19.08
16.21
16.67
19.35
17.47
14.09
16.66
25.27
19.23
18.54
16.98
13.45
18.34
10.30
15.69
14.36
17.47
20.68
19.29
16.89
13.93
16.67
15.04
19.07
16.54
21.54
17.71
14.20
18.20
19.79
16.76
19.54
18.85
18.96
17.18
17.68
17.66
17.68
14.36
17.95
15.02
18.32
15.08
21.41
20.05
16.65
23.16
20.85
20.13
12.82
14.84
16.24
17.18
14.72
19.64
16.69
17.59
16.63
17.78
21.43
13.42
15.60
16.82
19.39
15.44
16.69
19.76
14.93
20.62
18.86
19.42
17.96
15.51
14.00
18.38
19.79
19.81
17.78
22.12
18.46
16.99
18.26
16.46
19.72
21.89
20.60
18.62
14.60
16.41
19.01
17.81
21.46
19.65
14.42
19.58
19.67
22.38
18.21
18.66
14.06
16.85
14.27
17.63
16.05
14.78
17.99
15.90
21.17
23.57
18.38
18.71
13.10
21.49
20.47
21.21
20.69
20.88
20.72
20.83
20.26
20.88
20.23
20.67
20.81
20.69
21.25
21.49
21.46
21.12
20.30
20.05
20.28
20.87
20.94
20.55
20.95
21.34
20.38
20.43
20.19
20.79
21.23
20.45
21.18
20.66
20.83
21.48
21.03
21.46
20.14
21.35
20.09
20.18
20.95
20.56
20.48
21.19
20.45
20.91
20.69
20.44
21.25
20.86
20.11
20.40
20.26
20.84
20.30
20.74
21.09
21.43
21.14
20.12
21.41
21.46
20.91
21.44
20.50
21.35
20.00
20.72
20.22
20.47
20.26
20.89
20.99
20.52
20.08
20.07
20.08
20.11
20.02
21.46
21.10
21.13
20.05
20.18
20.39
21.34
21.46
21.49
20.52
20.44
20.28
21.11
21.08
20.28
20.65
20.07
20.98
21.17
21.29
21.18
20.65
20.52
20.08
21.23
20.16
20.01
20.41
21.41
21.01
20.58
21.29
21.01
20.91
20.66
21.44
21.23
20.02
20.21
20.72
20.87
20.44
20.66
20.60
20.21
21.43
20.54
21.26
20.06
20.64
20.11
20.47
21.42
21.28
20.26
20.80
20.44
21.35
20.12
21.18
20.26
21.08
20.35
20.31
20.32
21.47
20.57
20.95
20.07
20.35
21.31
20.69
20.00
20.70
21.24
21.31
20.45
20.35
21.25
20.66
20.76
20.28
20.23
21.36
21.49
20.59
21.24
21.43
21.34
21.26
21.02
20.26
20.36
20.65
20.04
20.40
21.47
20.47
20.86
20.92
21.35
20.59
21.04
20.31
20.09
20.93
21.03
20.45
20.86
20.47
21.21
20.55
21.05
20.95
21.45
20.30
20.90
20.13
20.82
21.27
20.06
20.49
21.06
21.29
20.75
21.49
20.64
20.40
20.71
20.24
20.24
20.40
21.14
20.91
21.45
21.16
20.86
20.68
20.43
21.13
20.14
20.16
21.10
20.53
20.87
20.45
21.07
20.54
21.08
21.49
20.13
20.70
20.14
21.09
21.37
20.13
20.78
20.83
21.03
20.45
20.90
20.30
20.99
21.05
20.69
20.24
20.63
20.89
20.48
21.25
20.18
20.38
21.41
20.98
21.13
21.22
20.07
20.62
21.09
20.21
20.95
20.37
21.26
21.26
20.68
20.59
21.44
20.01
20.60
20.73
20.93
20.11
20.21
20.98
20.33
20.18
20.06
20.25
20.77
21.30
21.15
20.20
20.10
21.01
20.72
20.74
20.47
20.49
21.36
20.68
21.12
20.28
20.13
20.31
20.84
20.99
21.41
20.06
20.25
20.66
