10.23 11.26
14.12 12.69
12.38 11.98
14.17 15.15
10.14 12.36
13.89 12.64
7.98 10.84
11.31 11.62
13.90 15.05
12.72 13.39
13.86 11.23
10.97 12.21
12.81 10.21
13.18 11.68
11.11 13.54
12.17 11.50
11.51 11.48
13.51 9.34
11.28 9.08
13.45 9.89
10.76 10.52
13.57 11.90
11.64 11.11
13.26 9.90
11.00 12.90
9.56 12.02
11.29 14.62
13.70 12.02
12.51 11.61
16.73 11.71
8.98 11.11
11.32 9.61
12.42 14.09
11.23 10.06
10.90 12.49
11.81 9.06
12.84 12.87
9.29 12.25
13.13 12.85
11.37 13.36
10.03 9.04
13.52 12.16
13.02 10.66
14.42 11.12
13.00 10.31
10.51 10.64
11.58 12.67
13.53 13.50
12.90 12.88
11.61 11.10
11.88 12.81
11.11 14.51
14.36 13.17
12.78 10.69
8.34 10.79
9.96 13.15
14.44 12.44
11.38 10.49
11.18 13.05
11.96 14.82
10.70 7.96
12.21 10.46
12.79 12.22
14.29 9.24
12.68 13.04
10.05 13.59
15.33 12.30
13.56 12.29
9.72 12.86
11.23 11.49
12.73 13.18
9.52 14.44
13.04 11.64
13.45 10.55
12.08 13.32
11.46 11.63
10.68 12.43
11.56 11.71
14.57 12.76
11.15 12.71
9.10 9.28
11.07 10.50
11.32 13.27
12.50 9.25
11.50 14.78
10.86 7.81
8.71 10.14
13.04 11.06
12.35 11.71
11.30 14.21
9.80 9.95
11.53 13.38
13.71 8.96
12.84 10.77
11.55 9.06
11.40 10.66
10.83 14.17
13.73 12.79
10.17 10.14
12.44 9.05
11.85 10.84
12.55 10.18
11.72 9.30
12.10 11.64
9.38 11.70
12.15 10.65
13.21 10.96
9.17 11.43
10.53 10.92
9.70 13.22
9.93 11.79
11.55 12.79
10.51 12.59
13.35 11.63
11.34 12.66
11.83 14.82
12.19 8.89
13.03 13.00
10.37 11.01
13.21 10.51
11.13 12.33
10.24 12.34
11.91 14.61
12.65 11.06
13.32 11.25
13.58 9.67
13.56 12.62
12.91 11.37
13.11 11.88
12.47 11.00
13.12 11.89
13.17 13.09
10.56 10.07
10.47 10.59
10.36 10.74
11.89 10.89
13.44 12.48
13.70 12.66
12.96 12.85
10.55 10.94
11.87 11.74
13.25 11.56
10.41 12.52
12.39 15.73
14.09 12.88
13.61 11.63
9.37 13.68
12.19 14.40
13.51 13.27
11.48 13.32
15.60 12.70
15.69 19.00
19.40 19.08
17.84 17.32
15.08 18.28
15.62 17.85
14.54 16.79
19.26 16.44
17.73 16.88
16.24 17.46
16.10 18.03
15.74 15.55
16.22 18.76
17.88 18.64
20.91 16.35
16.01 18.54
16.67 18.06
18.33 18.49
16.78 20.52
16.75 14.29
15.87 18.42
19.52 16.36
20.11 17.26
16.05 18.84
16.37 14.82
11.77 18.33
17.98 15.22
14.84 12.99
15.49 15.96
18.65 16.71
20.77 15.79
14.99 16.54
17.33 17.29
17.30 17.77
18.04 16.40
15.07 17.17
19.05 20.90
16.74 14.55
14.09 15.73
14.67 16.40
14.54 17.76
19.94 19.17
17.27 17.69
16.58 15.00
14.73 15.78
17.42 13.87
16.30 17.35
17.74 18.11
20.86 15.95
18.00 14.10
18.69 16.08
18.39 21.95
15.51 16.39
20.17 19.57
17.79 16.25
15.58 15.17
15.52 17.50
17.52 20.00
17.09 17.95
15.75 17.29
14.76 18.30
14.35 17.23
18.86 17.71
18.07 16.13
12.15 16.13
17.71 14.23
15.52 19.97
16.80 17.13
14.29 16.92
18.71 13.82
16.29 16.44
17.69 19.42
20.09 17.94
19.78 15.89
16.54 14.97
21.03 13.64
17.84 16.31
17.81 14.15
13.79 17.55
20.55 17.87
18.14 15.69
17.60 15.88
15.78 15.37
16.37 18.55
21.01 17.49
16.71 14.45
18.45 18.07
15.42 18.53
19.39 16.11
16.96 19.69
16.52 18.02
16.28 17.00
13.34 15.13
16.91 15.68
13.59 18.10
16.14 18.35
15.24 12.97
19.72 16.26
16.89 15.79
16.34 19.47
18.97 15.71
17.85 16.30
16.50 16.13
16.07 20.14
16.71 18.38
17.37 18.15
17.18 16.29
16.81 20.80
17.30 15.84
16.44 20.19
14.85 16.73
15.59 14.11
18.18 18.13
18.37 18.50
16.12 17.62
14.39 13.10
16.69 19.69
14.38 16.14
19.96 20.83
19.75 18.22
16.23 18.10
15.93 19.00
17.37 15.33
17.20 18.61
19.86 14.44
15.65 17.60
18.45 17.49
16.33 23.58
13.86 20.11
16.72 14.78
16.28 18.94
18.59 13.50
18.46 17.77
18.89 20.03
12.60 19.33
15.71 15.64
15.42 17.39
16.37 17.66
15.60 20.02
17.31 14.98
17.38 16.79
18.94 15.77
18.67 17.90
20.21 16.88
19.46 16.61
18.62 14.75
16.17 17.08
18.09 15.51
16.17 14.88
21.84 15.63
20.00 21.14
20.53 20.81
20.41 19.65
20.46 20.63
19.59 20.29
20.89 19.69
19.18 21.97
19.20 22.98
20.14 19.19
19.38 19.13
20.34 19.69
19.60 19.85
20.74 20.93
19.24 18.44
18.82 19.00
19.32 18.72
19.35 20.23
20.62 20.05
20.62 19.12
19.39 19.62
19.19 19.64
19.84 18.86
21.83 21.34
21.37 20.90
19.19 20.41
20.12 20.50
21.61 19.41
21.07 20.57
20.51 19.85
18.69 19.57
19.10 19.64
21.78 18.44
19.29 20.95
18.76 21.19
20.68 21.05
21.64 20.90
18.13 20.08
20.85 17.10
19.29 19.87
19.94 21.26
19.55 19.55
19.61 19.72
18.10 20.81
20.01 20.27
19.97 19.36
20.12 21.95
20.44 19.98
21.47 20.77
19.77 19.47
19.34 19.44
18.24 19.58
19.07 23.85
18.46 19.78
19.30 19.85
20.29 21.27
21.46 19.25
20.14 19.45
19.19 21.28
21.38 19.84
20.01 19.27
20.49 19.00
18.29 21.09
20.43 20.05
20.90 19.87
18.93 21.28
17.80 20.13
22.28 18.62
20.01 19.37
21.67 19.94
20.47 19.62
19.78 22.04
20.87 21.73
19.95 20.10
20.91 20.51
19.28 19.11
19.92 20.37
20.30 20.34
21.82 21.65
21.26 19.92
20.84 18.15
20.50 18.96
18.72 19.43
21.80 21.58
20.43 22.00
20.66 19.35
20.06 19.93
19.89 21.33
20.19 18.31
21.91 20.57
21.54 20.41
20.24 21.74
18.39 19.27
20.48 18.38
20.37 20.57
19.80 19.67
18.98 19.47
20.55 20.38
18.94 20.41
19.55 18.73
18.69 19.00
20.51 18.50
18.98 19.85
17.69 19.30
22.02 20.19
20.53 21.42
17.05 18.86
17.96 21.66
19.22 19.95
19.75 19.41
19.93 20.91
19.79 19.81
18.62 20.92
22.66 19.30
20.61 22.19
21.43 20.49
21.54 18.11
20.08 21.73
19.10 18.81
19.12 19.11
20.25 19.54
20.32 19.53
20.62 19.49
20.35 20.48
18.66 20.77
20.29 21.19
21.06 21.85
20.59 21.20
19.41 21.31
21.64 19.39
19.68 21.87
20.29 17.66
22.41 19.38
21.86 19.69
20.56 21.78
19.95 17.66
19.96 20.13
20.24 20.25
20.25 19.84
19.33 18.47
21.41 19.18
18.68 20.84
19.53 21.13
21.35 17.97
20.81 21.53
20.90 20.84
20.61 20.49
21.31 20.21
21.42 19.04
21.31 19.97
21.62 18.78
11.41 12.41
11.90 12.49
15.52 11.78
11.40 13.97
10.99 11.95
10.15 12.48
12.77 12.85
11.99 12.92
11.26 9.41
11.16 13.20
14.26 13.38
11.16 12.52
10.37 12.90
12.62 9.71
11.53 14.46
9.00 11.02
9.64 10.42
9.52 12.55
10.60 12.15
12.95 11.52
12.94 11.68
11.57 12.51
13.47 11.49
14.47 10.13
8.81 12.34
8.52 7.65
11.76 12.17
11.37 11.46
12.68 11.28
12.18 11.37
11.27 14.63
14.82 12.27
13.19 13.88
9.62 8.37
13.78 12.07
9.84 13.04
13.10 14.84
11.67 11.69
10.29 8.12
10.94 13.71
10.38 12.35
9.78 14.17
13.92 10.71
10.42 13.45
13.60 13.37
12.04 12.47
12.70 11.35
14.93 10.60
10.89 12.04
12.12 10.38
10.08 10.90
11.45 11.97
10.05 10.94
11.29 10.40
13.49 12.77
11.48 14.38
13.74 11.79
13.54 11.67
11.29 10.73
14.00 14.32
13.61 11.79
14.02 11.84
12.32 11.95
11.35 12.42
12.39 10.48
12.23 15.96
12.74 14.20
12.43 11.42
11.69 9.87
10.83 13.25
12.86 11.74
16.16 14.64
11.96 11.79
13.01 11.20
13.63 12.36
12.74 10.21
12.23 12.49
9.95 10.18
10.33 13.10
13.07 9.32
12.18 9.57
12.03 12.60
9.05 13.99
11.90 10.19
15.65 14.88
12.58 11.71
13.49 13.33
8.36 10.63
9.84 11.22
13.66 9.75
11.33 13.01
7.49 14.23
8.85 11.83
11.64 12.21
13.03 9.67
13.84 11.95
12.26 10.22
11.93 12.52
12.16 12.71
10.16 8.62
11.86 10.33
11.83 12.54
9.83 9.31
10.55 10.69
11.66 11.57
13.53 11.78
13.11 11.60
10.04 13.06
10.90 9.62
12.71 12.89
12.69 10.88
12.03 10.82
12.17 11.31
13.03 11.70
11.28 12.30
10.07 11.67
10.24 11.20
13.62 12.35
11.33 12.59
12.43 11.39
10.11 14.69
12.08 14.47
11.93 13.85
12.89 11.99
9.60 10.89
11.47 13.47
13.37 12.41
11.89 12.77
11.18 13.54
10.92 9.78
11.81 9.76
12.47 13.88
9.90 9.47
11.63 11.87
13.75 12.48
12.64 10.83
11.98 13.59
13.05 11.61
11.52 15.60
12.57 11.07
11.35 12.25
14.05 11.58
12.24 14.55
13.62 11.29
10.61 13.86
11.96 11.83
9.94 8.02
10.68 14.13
11.26 10.72
11.47 13.05
16.63 13.88
15.06 17.08
15.50 17.58
18.97 16.27
19.06 19.07
20.18 18.10
17.08 20.58
18.29 16.85
16.23 16.61
16.54 15.58
16.94 18.07
16.81 15.14
15.90 17.91
18.36 18.37
15.54 16.11
14.74 16.30
15.13 14.90
18.32 13.42
16.51 18.14
16.99 17.40
17.61 22.43
15.89 18.07
14.89 18.79
18.32 18.79
16.28 16.23
18.60 17.91
19.80 18.51
21.76 19.68
14.58 14.31
16.14 14.69
16.49 19.08
19.21 15.81
19.40 18.06
16.75 18.46
19.48 16.43
16.96 17.31
16.34 17.86
17.89 19.29
17.16 15.63
16.85 16.82
16.20 21.66
16.36 17.11
15.82 16.99
16.33 17.13
17.46 16.47
17.52 21.84
19.17 18.42
15.32 18.23
19.03 12.91
17.48 21.74
15.25 15.03
19.42 14.23
16.17 17.65
16.38 16.81
17.18 16.08
16.97 15.00
13.29 18.96
13.48 16.05
19.92 12.93
17.25 18.79
20.23 16.86
16.57 13.33
17.48 15.57
15.62 17.58
16.71 15.90
14.79 17.18
15.42 15.59
17.70 19.31
16.34 17.29
16.14 17.02
15.21 15.38
16.30 19.52
15.61 16.15
19.54 15.15
18.06 15.52
16.89 17.39
18.17 16.67
15.80 16.60
19.12 20.44
17.59 19.02
15.51 17.52
19.07 17.15
16.31 14.80
20.15 17.38
18.41 20.01
16.71 15.53
16.86 13.99
15.25 17.28
16.68 20.05
18.39 17.30
17.79 17.57
17.47 16.93
15.38 18.40
17.44 14.97
15.70 16.47
15.35 17.38
17.16 15.13
20.32 13.40
16.16 18.50
20.02 15.11
15.90 20.22
17.63 15.29
17.51 14.15
14.18 18.06
13.69 16.31
19.16 15.34
21.16 19.09
14.08 18.77
14.34 14.96
20.46 18.82
20.66 19.26
17.49 19.77
13.94 17.93
16.22 17.11
19.02 19.89
16.12 15.30
16.62 18.31
16.74 16.83
18.32 15.77
18.62 18.23
16.56 20.23
13.70 19.63
16.95 14.72
17.55 14.88
21.32 18.13
13.58 15.65
16.98 16.16
17.92 13.50
18.84 14.11
15.02 15.64
21.58 16.21
19.42 15.18
16.82 19.83
16.05 18.42
18.47 17.90
15.26 16.42
18.09 16.33
16.26 20.51
18.30 17.62
15.32 17.99
13.97 18.39
18.17 17.35
19.81 15.57
20.27 16.95
16.08 19.95
13.62 14.91
16.87 19.37
17.97 17.84
16.23 11.30
14.09 17.13
19.58 19.00
20.06 20.59
18.41 18.72
22.02 20.71
20.39 18.27
18.87 20.59
19.71 21.11
21.81 17.47
21.08 19.68
19.22 21.10
18.76 19.96
20.76 21.60
20.74 19.22
21.87 20.41
20.37 20.51
18.66 20.48
21.92 21.13
19.67 19.42
18.00 20.84
19.39 19.09
20.71 20.37
20.03 20.82
20.70 19.05
18.70 19.81
21.38 20.37
19.05 19.70
17.65 19.55
18.49 19.67
19.04 19.77
18.55 19.77
19.91 19.83
19.01 19.33
20.81 20.27
18.72 19.51
20.34 20.09
22.36 18.72
21.12 19.23
21.20 21.42
19.96 19.85
20.29 21.83
18.93 20.77
19.34 20.28
19.46 19.27
18.15 21.44
18.88 20.87
19.56 20.52
20.45 18.78
19.86 18.83
19.27 20.18
19.30 18.94
18.05 19.68
21.43 21.34
19.78 20.45
19.79 19.34
20.27 19.73
20.70 20.85
19.73 19.35
18.82 20.43
20.32 20.49
21.63 20.96
19.42 20.53
20.63 20.82
19.99 20.88
20.17 19.53
21.10 18.77
18.69 20.40
19.73 20.28
20.11 21.95
18.56 18.78
21.85 19.45
19.49 20.10
20.55 19.26
20.07 18.38
20.30 19.45
19.99 19.85
20.85 21.58
21.39 19.33
20.90 19.46
20.09 18.31
19.76 19.53
20.41 19.66
20.47 21.07
20.95 20.20
20.50 19.21
19.22 18.48
20.35 19.97
19.56 20.07
19.26 18.59
20.76 20.23
19.70 20.70
18.00 20.33
19.99 19.83
20.56 21.70
20.73 21.19
18.69 20.39
20.07 19.83
19.70 20.51
20.67 20.51
20.66 20.26
19.59 19.66
19.94 18.97
19.74 20.25
20.11 19.67
20.07 19.50
19.51 19.95
20.14 19.72
20.01 19.73
18.65 21.92
19.65 20.41
20.30 20.56
20.21 20.46
20.38 19.87
18.56 18.94
19.76 21.58
20.84 20.45
20.11 20.52
20.21 20.68
17.96 19.41
20.41 19.58
20.27 21.28
19.18 21.25
20.57 19.76
19.79 17.85
20.80 21.48
20.84 18.89
19.50 19.03
18.50 19.32
21.12 20.20
19.58 21.13
19.33 20.94
19.25 20.23
20.75 19.30
21.12 21.25
20.66 19.51
20.29 21.41
19.98 18.56
19.91 19.03
20.73 20.04
18.45 19.78
21.35 20.76
20.55 18.41
19.39 21.06
20.52 19.87
20.59 20.40
18.94 19.57
17.84 21.58
18.74 19.32
20.46 19.20
20.05 19.27
20.14 19.94
